#name, percent, n, avrg, half length, lower ci endpoint, upper ci endpoint

Credit_Collection_Tickets_avrg_iid 99 30 161.921001 31.285128 193.206129 130.635873
Credit_Collection_Tickets_count_iid 99 30 11.000000 1.655711 12.655711 9.344289
Credit_Collection_Tickets_max_iid 99 30 428.333333 73.478483 501.811816 354.854851
Credit_Collection_Tickets_min_iid 99 30 55.833333 10.279856 66.113189 45.553477
Credit_Collection_Tickets_sum_iid 99 30 1725.833333 384.875486 2110.708819 1340.957847
Expired_Tickets_avrg_iid 99 30 160.218191 11.969282 172.187473 148.248909
Expired_Tickets_count_iid 99 30 34.200000 2.763592 36.963592 31.436408
Expired_Tickets_max_iid 99 30 500.000000 0.000000 500.000000 500.000000
Expired_Tickets_min_iid 99 30 50.000000 0.000000 50.000000 50.000000
Expired_Tickets_sum_iid 99 30 5457.500000 534.281092 5991.781092 4923.218908
Paid_Tickets_avrg_iid 99 30 160.630527 6.637905 167.268432 153.992622
Paid_Tickets_count_iid 99 30 154.666667 2.480341 157.147008 152.186325
Paid_Tickets_max_iid 99 30 500.000000 0.000000 500.000000 500.000000
Paid_Tickets_min_iid 99 30 50.000000 0.000000 50.000000 50.000000
Paid_Tickets_sum_iid 99 30 24835.833333 1046.244129 25882.077463 23789.589204
