#name, percent, n, avrg, half length, lower ci endpoint, upper ci endpoint

Credit_Collection_Tickets_avrg_iid 95 30 161.921001 23.214110 185.135111 138.706891
Credit_Collection_Tickets_count_iid 95 30 11.000000 1.228566 12.228566 9.771434
Credit_Collection_Tickets_max_iid 95 30 428.333333 54.522314 482.855647 373.811019
Credit_Collection_Tickets_min_iid 95 30 55.833333 7.627832 63.461166 48.205501
Credit_Collection_Tickets_sum_iid 95 30 1725.833333 285.584314 2011.417647 1440.249019
Expired_Tickets_avrg_iid 95 30 160.218191 8.881416 169.099606 151.336775
Expired_Tickets_count_iid 95 30 34.200000 2.050634 36.250634 32.149366
Expired_Tickets_max_iid 95 30 500.000000 0.000000 500.000000 500.000000
Expired_Tickets_min_iid 95 30 50.000000 0.000000 50.000000 50.000000
Expired_Tickets_sum_iid 95 30 5457.500000 396.445876 5853.945876 5061.054124
Paid_Tickets_avrg_iid 95 30 160.630527 4.925441 165.555968 155.705086
Paid_Tickets_count_iid 95 30 154.666667 1.840456 156.507123 152.826210
Paid_Tickets_max_iid 95 30 500.000000 0.000000 500.000000 500.000000
Paid_Tickets_min_iid 95 30 50.000000 0.000000 50.000000 50.000000
Paid_Tickets_sum_iid 95 30 24835.833333 776.331366 25612.164699 24059.501967
