#name, percent, n, avrg, half length, lower ci endpoint, upper ci endpoint

Credit_Collection_Tickets_avrg_iid 90 30 161.921001 19.286442 181.207443 142.634559
Credit_Collection_Tickets_count_iid 90 30 11.000000 1.020701 12.020701 9.979299
Credit_Collection_Tickets_max_iid 90 30 428.333333 45.297512 473.630845 383.035822
Credit_Collection_Tickets_min_iid 90 30 55.833333 6.337255 62.170589 49.496078
Credit_Collection_Tickets_sum_iid 90 30 1725.833333 237.265403 1963.098736 1488.567930
Expired_Tickets_avrg_iid 90 30 160.218191 7.378741 167.596932 152.839450
Expired_Tickets_count_iid 90 30 34.200000 1.703680 35.903680 32.496320
Expired_Tickets_max_iid 90 30 500.000000 0.000000 500.000000 500.000000
Expired_Tickets_min_iid 90 30 50.000000 0.000000 50.000000 50.000000
Expired_Tickets_sum_iid 90 30 5457.500000 329.369947 5786.869947 5128.130053
Paid_Tickets_avrg_iid 90 30 160.630527 4.092090 164.722617 156.538437
Paid_Tickets_count_iid 90 30 154.666667 1.529064 156.195731 153.137603
Paid_Tickets_max_iid 90 30 500.000000 0.000000 500.000000 500.000000
Paid_Tickets_min_iid 90 30 50.000000 0.000000 50.000000 50.000000
Paid_Tickets_sum_iid 90 30 24835.833333 644.981414 25480.814747 24190.851920
